x1 = -0.356062 + 0.162758i
f(x1) = 0.000000 + 0.000000i

x2 = -0.356062 + -0.162758i
f(x2) = 0.000000 + 0.000000i

x3 = 1.241677 + 0.000000i
f(x3) = 0.000000 + 0.000000i

x4 = 1.970446 + 0.000000i
f(x4) = -0.000000 + 0.000000i

