x1 = 1.000000 + 0.000000i
f(x1) = 0.000000 + 0.000000i

x2 = -1.000000 + 2.000000i
f(x2) = 0.000000 + 0.000000i

x3 = -1.000000 + -2.000000i
f(x3) = 0.000000 + 0.000000i

