x1 = -0.250237 + 0.000000i
f(x1) = 0.000000 + 0.000000i

x2 = -0.198710 + 0.813313i
f(x2) = 0.000000 + 0.000000i

x3 = -0.198710 + -0.813313i
f(x3) = 0.000000 + 0.000000i

x4 = 2.260086 + 0.000000i
f(x4) = 0.000000 + 0.000000i

x5 = -12.612430 + 0.000000i
f(x5) = 0.000000 + 0.000000i

