x1 = 1.000000 + 0.000000i
f(x1) = 0.000000 + 0.000000i

x2 = 1.000000 + 0.000000i
f(x2) = 0.000000 + 0.000000i

x3 = -0.000000 + 2.000000i
f(x3) = 0.000000 + 0.000000i

x4 = -0.000000 + -2.000000i
f(x4) = 0.000000 + 0.000000i

x5 = -0.000000 + 3.000000i
f(x5) = 0.000000 + 0.000000i

x6 = -0.000000 + -3.000000i
f(x6) = 0.000000 + 0.000000i

